1.5 2.3 4.8 3.2 5.7 6.1 8.9 10.2 11.5 13.7
15.2 17.8 19.3 20.6 22.1 24.5 26.8 28.3 30.9 32.4
34.7 36.1 38.5 40.2 42.6 44.9 46.3 48.7 50.2 52.6
54.8 56.1 58.7 60.2 62.4 64.9 66.3 68.5 70.1 72.4
74.8 76.2 78.5 80.7 82.3 84.6 86.9 88.2 90.6 92.3
94.8 96.2 98.5 100.2 102.4 104.8 106.3 108.7 110.2 112.6
114.8 116.3 118.7 120.2 122.6 124.9 126.3 128.5 130.1 132.4
134.7 136.1 138.5 140.2 142.6 144.9 146.3 148.7 150.2 152.6
154.8 156.3 158.7 160.2 162.4 164.8 166.3 168.7 170.2 172.6
174.8 176.3 178.7 180.2 182.6 184.9 186.3 188.7 190.2 192.6
194.8 196.3 198.7 200.2